1 2 3 4 5 6 7 8 9 0 a b c d e f g h i j k l m n o p q r s t u v w x y z
[[0.1061914  0.09506486 0.11233603 0.08599656 0.09050179 0.08138669
  0.08662605 0.07921429 0.07369152 0.08694025 0.10205056]
 [0.10726891 0.09487399 0.11294481 0.08932412 0.088562   0.08342548
  0.09005263 0.07419547 0.06935361 0.08811812 0.1018808 ]
 [0.10490339 0.09376835 0.11038792 0.09270031 0.08665734 0.08641603
  0.09327267 0.07103877 0.06935734 0.08806379 0.10343409]
 [0.10452099 0.09318047 0.10817027 0.09469698 0.08418918 0.08832037
  0.09434272 0.06831091 0.07068694 0.08763105 0.10595004]
 [0.10663468 0.09372383 0.10806205 0.09484559 0.08228172 0.08842053
  0.09321714 0.06619556 0.07139192 0.0886289  0.10659811]
 [0.10830577 0.09479555 0.10928741 0.09437982 0.08211725 0.08750349
  0.09099142 0.06529953 0.07154733 0.09039023 0.1053822 ]
 [0.10818882 0.09516609 0.10938201 0.09450258 0.08284971 0.08699974
  0.08945806 0.0659964  0.07233673 0.0908327  0.10428721]
 [0.10659078 0.09458462 0.10713018 0.09496322 0.08362105 0.08803011
  0.08887505 0.06769527 0.07488038 0.09028345 0.10334591]
 [0.10556066 0.09410191 0.10671215 0.09550337 0.0841424  0.08864339
  0.08786085 0.06890644 0.07714885 0.0899476  0.10147238]
 [0.10553817 0.09433035 0.10840218 0.09582684 0.08594015 0.08867807
  0.086291   0.06817573 0.07727876 0.09049383 0.09904486]
 [0.10624674 0.09521084 0.1093474  0.09519573 0.08815969 0.08879307
  0.08536372 0.0664916  0.07608773 0.09092179 0.09818175]
 [0.10661946 0.09566213 0.10624649 0.09359938 0.08911575 0.09068852
  0.08614954 0.06575079 0.07690587 0.09022044 0.09904167]
 [0.10616473 0.0947713  0.1016123  0.09331828 0.08812918 0.09164012
  0.08758675 0.06762362 0.08003844 0.08968928 0.09942608]
 [0.10536612 0.0941361  0.09983993 0.09480347 0.08585929 0.08961189
  0.08777639 0.07149617 0.08227336 0.0898838  0.0989535 ]
 [0.10427331 0.09549078 0.10091205 0.09674043 0.08421247 0.08646671
  0.08666125 0.07502231 0.08120649 0.0900558  0.09895839]
 [0.10367864 0.09860468 0.10103367 0.09610769 0.08328981 0.08486396
  0.0862409  0.077348   0.07817233 0.09014458 0.10051571]
 [0.10458581 0.10139845 0.09804844 0.09344754 0.08309649 0.08537503
  0.08803729 0.07732085 0.07477497 0.08989915 0.10401603]
 [0.10839605 0.10278782 0.09471231 0.09130473 0.08354192 0.08573528
  0.09046604 0.07551815 0.07204394 0.08868902 0.10680483]
 [0.11314524 0.10376853 0.09385797 0.09123783 0.08500494 0.08636727
  0.09179289 0.07154175 0.06930521 0.08703589 0.10694253]
 [0.11475851 0.10394783 0.0952425  0.09312028 0.08694527 0.0881473
  0.09171955 0.06750317 0.06715469 0.08604424 0.10541666]
 [0.11215484 0.10299477 0.09672987 0.09593219 0.08817874 0.09071235
  0.09181591 0.06511825 0.06679492 0.08543465 0.10413347]
 [0.10862164 0.09952193 0.09755585 0.09881249 0.08855291 0.09321296
  0.09239579 0.06478614 0.06974474 0.08270565 0.10408994]
 [0.10685122 0.09541909 0.09812123 0.10030011 0.08847264 0.09456076
  0.0928651  0.06623501 0.07457601 0.07856452 0.10403423]
 [0.1068795  0.0922344  0.09808239 0.10006103 0.08946952 0.09504022
  0.09239282 0.06824872 0.07845717 0.0756607  0.10347361]
 [0.10752614 0.09119249 0.09678068 0.09943073 0.09162193 0.09527123
  0.09153058 0.06962848 0.07929074 0.07570221 0.10202476]
 [0.109067   0.09134839 0.0955053  0.09845404 0.09341955 0.09595189
  0.09091172 0.06963992 0.07768982 0.07695217 0.10106027]
 [0.11005045 0.09107201 0.0950729  0.09692296 0.09308584 0.0964971
  0.09089669 0.06947154 0.07678698 0.07808645 0.10205706]
 [0.10854979 0.09074054 0.09547642 0.09543283 0.09065326 0.09606025
  0.09138621 0.07026057 0.07689648 0.07985447 0.10468923]
 [0.10512409 0.09027465 0.09744538 0.0951288  0.08825271 0.09533831
  0.09118904 0.07159092 0.07843886 0.0816596  0.10555776]
 [0.10107842 0.09002739 0.10141288 0.09612475 0.08797028 0.0955253
  0.08950266 0.07130297 0.08157419 0.08193361 0.1035476 ]
 [0.09846447 0.09018271 0.10542445 0.09666859 0.08952715 0.09609217
  0.08706181 0.06976726 0.08449089 0.08069193 0.10162849]
 [0.09770242 0.09137969 0.10603722 0.09527243 0.09120418 0.09631913
  0.08621    0.06860517 0.08513665 0.08029929 0.10183389]
 [0.09931202 0.09360372 0.10317111 0.092609   0.09175188 0.09581747
  0.0875142  0.06861318 0.08230564 0.08124823 0.10405359]
 [0.10098241 0.09649605 0.09968767 0.09097797 0.09120887 0.09550634
  0.08962557 0.06836657 0.07789648 0.08199708 0.10725504]
 [0.10289576 0.0999378  0.09814109 0.09108166 0.08984498 0.09478734
  0.09158775 0.06793354 0.07308773 0.08101683 0.10968548]
 [0.10410625 0.10320138 0.0980608  0.09250148 0.08834581 0.09327757
  0.09356589 0.06826417 0.06910674 0.07938826 0.11018165]
 [0.10450606 0.10583548 0.09618881 0.09518582 0.08784609 0.09149773
  0.09551594 0.07008654 0.06716719 0.07783864 0.10833167]
 [0.10233422 0.10739174 0.09278938 0.09828766 0.08813097 0.09143186
  0.09706414 0.07177101 0.06807645 0.07672454 0.10599809]
 [0.09873448 0.10656384 0.09005182 0.1002266  0.08914179 0.09310844
  0.09693445 0.07255951 0.07260956 0.0763834  0.10368607]
 [0.09671701 0.10334169 0.0909619  0.0998258  0.09023862 0.09445169
  0.09484028 0.07318807 0.07817634 0.07670345 0.10155514]
 [0.09736798 0.09940346 0.09535782 0.09911443 0.09061544 0.09390714
  0.09144584 0.07401795 0.08101471 0.07722601 0.10052935]
 [0.09835282 0.09686924 0.10069036 0.09976419 0.0896531  0.09199821
  0.0892992  0.07391465 0.08015326 0.07829753 0.10100741]
 [0.09758151 0.09684686 0.10385653 0.10082214 0.0876421  0.09157525
  0.08938458 0.0720658  0.07796526 0.07987171 0.10238817]
 [0.09534407 0.09841414 0.10447828 0.10079127 0.08633424 0.09333181
  0.09059808 0.06955128 0.07732115 0.08145242 0.10238329]
 [0.0945721  0.10002998 0.10500205 0.09969634 0.08553285 0.09612883
  0.09172956 0.06807564 0.07717051 0.08167321 0.10038891]
 [0.09571926 0.09981594 0.10630294 0.09889398 0.08542038 0.09912188
  0.09263428 0.06748679 0.07698161 0.0802632  0.09735973]
 [0.09797226 0.09896818 0.10621018 0.09925178 0.08569489 0.10131884
  0.0937222  0.06732523 0.07601289 0.07839515 0.09512841]
 [0.09918439 0.09844754 0.10450067 0.10127699 0.08608559 0.1018171
  0.09522381 0.06741857 0.07423474 0.07750535 0.0943053 ]
 [0.09790354 0.0991216  0.10185454 0.10357408 0.08599298 0.10078352
  0.09728086 0.06843325 0.07202958 0.07809433 0.0949317 ]
 [0.09525861 0.1002511  0.10018957 0.10302145 0.08540265 0.10006411
  0.09965603 0.07038386 0.07043233 0.07877062 0.09656959]
 [0.09406158 0.10077264 0.09799076 0.09989384 0.08471403 0.10024513
  0.10181721 0.07206852 0.06991818 0.07870581 0.0998123 ]
 [0.09462493 0.10053185 0.09425849 0.09634534 0.0846974  0.10094927
  0.10394941 0.07290903 0.07039084 0.0780533  0.10329016]
 [0.09425332 0.09955055 0.09126363 0.09579486 0.0848693  0.10090441
  0.10614154 0.0725913  0.07140845 0.07836981 0.10485284]
 [0.09301485 0.0991176  0.09072937 0.09767113 0.08585332 0.10013204
  0.10694978 0.07148969 0.07303911 0.07850976 0.10349333]
 [0.09306178 0.09861731 0.09345687 0.09957398 0.08787527 0.09885809
  0.10531943 0.07005756 0.07517518 0.07823579 0.09976866]
 [0.09503707 0.09669311 0.09714073 0.09851989 0.090238   0.09833714
  0.10320704 0.0690299  0.07702062 0.07731382 0.09746273]]


op
[[ 0.16790763  0.05722385  0.22415914 -0.04302823  0.00803404 -0.09812378
  -0.03573499 -0.12517878 -0.19744784 -0.03211442  0.1281328 ]
 [ 0.18405165  0.06126228  0.235612    0.00098433 -0.00758439 -0.0673334
   0.00910699 -0.18458407 -0.25206912 -0.01260908  0.13251618]
 [ 0.16380063  0.05158819  0.21476153  0.04013265 -0.02727748 -0.03006603
   0.04628797 -0.2260135  -0.24996735 -0.01117778  0.1496954 ]
 [ 0.15465954  0.03980982  0.18897822  0.0559537  -0.06166185 -0.01375749
   0.05220584 -0.2706589  -0.23646742 -0.021593    0.16823925]
 [ 0.16247334  0.0334169   0.17577007  0.04531459 -0.09678666 -0.02483141
   0.02799612 -0.31432205 -0.2387509  -0.02247754  0.16213022]
 [ 0.16328907  0.03005318  0.17231187  0.02565787 -0.11352123 -0.04999061
  -0.0109042  -0.3426845  -0.25131017 -0.01753318  0.13592437]
 [ 0.15456708  0.02631268  0.16553548  0.01931623 -0.11228274 -0.06340582
  -0.03554102 -0.33971083 -0.24797904 -0.02029169  0.11783785]
 [ 0.1391986   0.01969656  0.14424631  0.02369128 -0.10350297 -0.05211949
  -0.0425669  -0.31478193 -0.21390638 -0.02684427  0.10828336]
 [ 0.13426042  0.01935305  0.1451097   0.03413616 -0.09251466 -0.04040385
  -0.04927104 -0.29227564 -0.17928864 -0.02579805  0.0947613 ]
 [ 0.13942665  0.02715698  0.16620216  0.04289682 -0.06599493 -0.0346334
  -0.06192067 -0.2975574  -0.17222689 -0.0143644   0.07592686]
 [ 0.1472379   0.03756754  0.17600377  0.03740882 -0.03937647 -0.03221763
  -0.07160503 -0.32145056 -0.1866392  -0.00852654  0.06829412]
 [ 0.14415197  0.03570839  0.14064756  0.01390966 -0.03517805 -0.01768336
  -0.06902947 -0.33924237 -0.18253198 -0.02285814  0.07042655]
 [ 0.12675363  0.01322832  0.08292628 -0.00222235 -0.05943467 -0.02036919
  -0.06560864 -0.3242811  -0.1557313  -0.04188704  0.06117608]
 [ 0.10767486 -0.00502468  0.05380196  0.00203981 -0.09705645 -0.05427832
  -0.07497381 -0.28012237 -0.13971889 -0.05124852  0.0448838 ]
 [ 0.09298863  0.00500285  0.06022249  0.01800454 -0.12068389 -0.0942674
  -0.09202006 -0.23624139 -0.15703164 -0.05359737  0.04067258]
 [ 0.08960792  0.03943053  0.06376562  0.01378121 -0.12936193 -0.11063869
  -0.09454373 -0.20337343 -0.19277245 -0.05027332  0.05862583]
 [ 0.1062744   0.07532425  0.04172813 -0.00633328 -0.12373103 -0.09667987
  -0.06597306 -0.19576982 -0.22925021 -0.04504498  0.10081144]
 [ 0.15134344  0.09821859  0.0163958  -0.0202457  -0.10909959 -0.08318378
  -0.02947362 -0.21007511 -0.25717205 -0.04931208  0.1365549 ]
 [ 0.20244679  0.11593723  0.01555717 -0.01275596 -0.08351622 -0.06761669
  -0.00669068 -0.2559443  -0.2877054  -0.05990488  0.14606616]
 [ 0.2200035   0.12106267  0.0335998   0.01106556 -0.05754763 -0.04381719
  -0.00409098 -0.31065193 -0.31582776 -0.06796498  0.13509424]
 [ 0.19730031  0.11209806  0.04934218  0.04106142 -0.04321428 -0.0148866
  -0.00279451 -0.3463753  -0.32095295 -0.07482839  0.12309334]
 [ 0.1646953   0.07720262  0.05724958  0.07004864 -0.03957514  0.01171145
   0.00290605 -0.35208362 -0.27833343 -0.10788752  0.12207995]
 [ 0.14708817  0.0339294   0.06185455  0.08381764 -0.04165579  0.0248933
   0.00679865 -0.33114004 -0.21253037 -0.16042896  0.12037076]
 [ 0.14374942 -0.00361945  0.0578552   0.07782762 -0.03405461  0.02634751
  -0.00190337 -0.30479398 -0.1653998  -0.20169377  0.11136394]
 [ 0.14605209 -0.01870935  0.04076554  0.06777932 -0.01401123  0.02504594
  -0.01500876 -0.28850833 -0.15856047 -0.2048746   0.09353362]
 [ 0.16097637 -0.01630539  0.02819586  0.0586039   0.00611466  0.03286096
  -0.02109703 -0.287648   -0.17826173 -0.18780196  0.08473113]
 [ 0.17276305 -0.01652538  0.02646809  0.04574052  0.00534618  0.04133709
  -0.01845232 -0.28725874 -0.18714081 -0.17035928  0.09735622]
 [ 0.15855958 -0.02064521  0.0302299   0.02977319 -0.02160755  0.03632618
  -0.0135548  -0.27643868 -0.18618931 -0.14844356  0.12234683]
 [ 0.12277918 -0.02950558  0.04692968  0.02286938 -0.05215795  0.02506933
  -0.01942754 -0.26139402 -0.17004283 -0.12980297  0.12689601]
 [ 0.08017012 -0.03561249  0.08347367  0.02992025 -0.05872743  0.02366466
  -0.04145817 -0.26878864 -0.13421366 -0.12981722  0.10430488]
 [ 0.05437038 -0.03348767  0.12266918  0.03596318 -0.04078349  0.02998251
  -0.06870701 -0.2901605  -0.09868174 -0.14468686  0.08599855]
 [ 0.04612212 -0.02078087  0.127986    0.02093632 -0.02270348  0.03186277
  -0.07901789 -0.3074363  -0.0915466  -0.15004344  0.08753876]
 [ 0.0597316   0.00053502  0.09785376 -0.01014882 -0.01944712  0.02390987
  -0.06673408 -0.31005052 -0.12809551 -0.14102602  0.10637093]
 [ 0.07376148  0.02831715  0.06085721 -0.03056745 -0.02803281  0.01800776
  -0.04554416 -0.31630093 -0.1858041  -0.13450125  0.13402468]
 [ 0.09476876  0.06560039  0.04745846 -0.02719125 -0.04086198  0.01268814
  -0.0216502  -0.32041788 -0.24728711 -0.1442908   0.15866932]
 [ 0.11480518  0.10607538  0.05498091 -0.0033821  -0.04934802  0.00497285
   0.00805902 -0.30722177 -0.29495466 -0.1562564   0.17152357]
 [ 0.12886669  0.14150739  0.04593462  0.0354526  -0.04479212 -0.00406418
   0.03891484 -0.2706476  -0.3131934  -0.16574042  0.16481912]
 [ 0.11605822  0.16429748  0.01814641  0.07571261 -0.03336194  0.00340825
   0.06318618 -0.23870523 -0.29155445 -0.17196435  0.15123522]
 [ 0.07976435  0.15607433 -0.01228453  0.09476368 -0.02244163  0.02109498
   0.06136511 -0.22826293 -0.22757326 -0.17690438  0.12869795]
 [ 0.05119655  0.11744823 -0.010152    0.08283399 -0.01813522  0.02749579
   0.03160153 -0.22756016 -0.16162561 -0.18064596  0.10000919]
 [ 0.04767433  0.06836386  0.02681325  0.06545189 -0.02419846  0.01148337
  -0.01507619 -0.22651547 -0.13619237 -0.18408675  0.07962663]
 [ 0.05541927  0.04022001  0.07890813  0.06966735 -0.03719411 -0.01137285
  -0.04114937 -0.2302309  -0.1492014  -0.17262596  0.08205193]
 [ 0.05174591  0.04418882  0.1140683   0.08441582 -0.05568072 -0.01178109
  -0.03599408 -0.2513626  -0.1726788  -0.14852053  0.09982897]
 [ 0.03590118  0.06759357  0.1273883   0.09146083 -0.06336469  0.01457006
  -0.01515797 -0.27952662 -0.17362332 -0.1215718   0.10713265]
 [ 0.03727507  0.09338254  0.1418925   0.09004157 -0.06318684  0.05360193
   0.00675728 -0.2914679  -0.16607006 -0.10936131  0.09696434]
 [ 0.05826373  0.10017215  0.16313714  0.09089257 -0.05557105  0.0931944
   0.02550349 -0.291224   -0.15958922 -0.11784461  0.07525687]
 [ 0.08666024  0.09677418  0.16739579  0.09963565 -0.04723094  0.12024826
   0.04231096 -0.288489   -0.16712107 -0.13626212  0.05720349]
 [ 0.09611932  0.08866242  0.14833212  0.11699782 -0.04551933  0.12231674
   0.05536871 -0.28994083 -0.19362912 -0.15051441  0.04567602]
 [ 0.07566907  0.08803372  0.11523202  0.13197342 -0.05404811  0.10466121
   0.06928861 -0.2824548  -0.23123686 -0.15039617  0.04484395]
 [ 0.04113128  0.09221393  0.09159993  0.1194731  -0.06808689  0.09034698
   0.08626048 -0.26150012 -0.26081172 -0.148924    0.05479979]
 [ 0.02288683  0.09180412  0.06381041  0.08304521 -0.08178156  0.08655562
   0.1021163  -0.24344546 -0.2737372  -0.15534577  0.0822286 ]
 [ 0.02549121  0.08604489  0.02161123  0.04350925 -0.08534481  0.09018835
   0.11947455 -0.23521717 -0.27036658 -0.16703784  0.11311236]
 [ 0.02223825  0.07691783 -0.00999533  0.03846123 -0.08263527  0.09042582
   0.14102575 -0.23890266 -0.25533155 -0.16230895  0.12881008]
 [ 0.01509059  0.07863851 -0.0097874   0.06393749 -0.06502832  0.08882117
   0.15469076 -0.2481153  -0.22667356 -0.15444563  0.12183864]
 [ 0.02265824  0.08064142  0.02689467  0.09029557 -0.03468696  0.08307999
   0.14639251 -0.26128832 -0.19078425 -0.15087815  0.09224876]
 [ 0.04652117  0.06379629  0.06841499  0.08251268 -0.00529525  0.08065598
   0.12899128 -0.2732061  -0.16367252 -0.15987311  0.07172424]]
<NDArray 56x11 @cpu(0)>
tt2
[[0.1061914  0.09506486 0.11233603 0.08599656 0.09050179 0.08138669
  0.08662605 0.07921429 0.07369152 0.08694025 0.10205056]
 [0.10726891 0.09487399 0.11294481 0.08932412 0.088562   0.08342548
  0.09005263 0.07419547 0.06935361 0.08811812 0.1018808 ]
 [0.10490339 0.09376835 0.11038792 0.09270031 0.08665734 0.08641603
  0.09327267 0.07103877 0.06935734 0.08806379 0.10343409]
 [0.10452099 0.09318047 0.10817027 0.09469698 0.08418918 0.08832037
  0.09434272 0.06831091 0.07068694 0.08763105 0.10595004]
 [0.10663468 0.09372383 0.10806205 0.09484559 0.08228172 0.08842053
  0.09321714 0.06619556 0.07139192 0.0886289  0.10659811]
 [0.10830577 0.09479555 0.10928741 0.09437982 0.08211725 0.08750349
  0.09099142 0.06529953 0.07154733 0.09039023 0.1053822 ]
 [0.10818882 0.09516609 0.10938201 0.09450258 0.08284971 0.08699974
  0.08945806 0.0659964  0.07233673 0.0908327  0.10428721]
 [0.10659078 0.09458462 0.10713018 0.09496322 0.08362105 0.08803011
  0.08887505 0.06769527 0.07488038 0.09028345 0.10334591]
 [0.10556066 0.09410191 0.10671215 0.09550337 0.0841424  0.08864339
  0.08786085 0.06890644 0.07714885 0.0899476  0.10147238]
 [0.10553817 0.09433035 0.10840218 0.09582684 0.08594015 0.08867807
  0.086291   0.06817573 0.07727876 0.09049383 0.09904486]
 [0.10624674 0.09521084 0.1093474  0.09519573 0.08815969 0.08879307
  0.08536372 0.0664916  0.07608773 0.09092179 0.09818175]
 [0.10661946 0.09566213 0.10624649 0.09359938 0.08911575 0.09068852
  0.08614954 0.06575079 0.07690587 0.09022044 0.09904167]
 [0.10616473 0.0947713  0.1016123  0.09331828 0.08812918 0.09164012
  0.08758675 0.06762362 0.08003844 0.08968928 0.09942608]
 [0.10536612 0.0941361  0.09983993 0.09480347 0.08585929 0.08961189
  0.08777639 0.07149617 0.08227336 0.0898838  0.0989535 ]
 [0.10427331 0.09549078 0.10091205 0.09674043 0.08421247 0.08646671
  0.08666125 0.07502231 0.08120649 0.0900558  0.09895839]
 [0.10367864 0.09860468 0.10103367 0.09610769 0.08328981 0.08486396
  0.0862409  0.077348   0.07817233 0.09014458 0.10051571]
 [0.10458581 0.10139845 0.09804844 0.09344754 0.08309649 0.08537503
  0.08803729 0.07732085 0.07477497 0.08989915 0.10401603]
 [0.10839605 0.10278782 0.09471231 0.09130473 0.08354192 0.08573528
  0.09046604 0.07551815 0.07204394 0.08868902 0.10680483]
 [0.11314524 0.10376853 0.09385797 0.09123783 0.08500494 0.08636727
  0.09179289 0.07154175 0.06930521 0.08703589 0.10694253]
 [0.11475851 0.10394783 0.0952425  0.09312028 0.08694527 0.0881473
  0.09171955 0.06750317 0.06715469 0.08604424 0.10541666]
 [0.11215484 0.10299477 0.09672987 0.09593219 0.08817874 0.09071235
  0.09181591 0.06511825 0.06679492 0.08543465 0.10413347]
 [0.10862164 0.09952193 0.09755585 0.09881249 0.08855291 0.09321296
  0.09239579 0.06478614 0.06974474 0.08270565 0.10408994]
 [0.10685122 0.09541909 0.09812123 0.10030011 0.08847264 0.09456076
  0.0928651  0.06623501 0.07457601 0.07856452 0.10403423]
 [0.1068795  0.0922344  0.09808239 0.10006103 0.08946952 0.09504022
  0.09239282 0.06824872 0.07845717 0.0756607  0.10347361]
 [0.10752614 0.09119249 0.09678068 0.09943073 0.09162193 0.09527123
  0.09153058 0.06962848 0.07929074 0.07570221 0.10202476]
 [0.109067   0.09134839 0.0955053  0.09845404 0.09341955 0.09595189
  0.09091172 0.06963992 0.07768982 0.07695217 0.10106027]
 [0.11005045 0.09107201 0.0950729  0.09692296 0.09308584 0.0964971
  0.09089669 0.06947154 0.07678698 0.07808645 0.10205706]
 [0.10854979 0.09074054 0.09547642 0.09543283 0.09065326 0.09606025
  0.09138621 0.07026057 0.07689648 0.07985447 0.10468923]
 [0.10512409 0.09027465 0.09744538 0.0951288  0.08825271 0.09533831
  0.09118904 0.07159092 0.07843886 0.0816596  0.10555776]
 [0.10107842 0.09002739 0.10141288 0.09612475 0.08797028 0.0955253
  0.08950266 0.07130297 0.08157419 0.08193361 0.1035476 ]
 [0.09846447 0.09018271 0.10542445 0.09666859 0.08952715 0.09609217
  0.08706181 0.06976726 0.08449089 0.08069193 0.10162849]
 [0.09770242 0.09137969 0.10603722 0.09527243 0.09120418 0.09631913
  0.08621    0.06860517 0.08513665 0.08029929 0.10183389]
 [0.09931202 0.09360372 0.10317111 0.092609   0.09175188 0.09581747
  0.0875142  0.06861318 0.08230564 0.08124823 0.10405359]
 [0.10098241 0.09649605 0.09968767 0.09097797 0.09120887 0.09550634
  0.08962557 0.06836657 0.07789648 0.08199708 0.10725504]
 [0.10289576 0.0999378  0.09814109 0.09108166 0.08984498 0.09478734
  0.09158775 0.06793354 0.07308773 0.08101683 0.10968548]
 [0.10410625 0.10320138 0.0980608  0.09250148 0.08834581 0.09327757
  0.09356589 0.06826417 0.06910674 0.07938826 0.11018165]
 [0.10450606 0.10583548 0.09618881 0.09518582 0.08784609 0.09149773
  0.09551594 0.07008654 0.06716719 0.07783864 0.10833167]
 [0.10233422 0.10739174 0.09278938 0.09828766 0.08813097 0.09143186
  0.09706414 0.07177101 0.06807645 0.07672454 0.10599809]
 [0.09873448 0.10656384 0.09005182 0.1002266  0.08914179 0.09310844
  0.09693445 0.07255951 0.07260956 0.0763834  0.10368607]
 [0.09671701 0.10334169 0.0909619  0.0998258  0.09023862 0.09445169
  0.09484028 0.07318807 0.07817634 0.07670345 0.10155514]
 [0.09736798 0.09940346 0.09535782 0.09911443 0.09061544 0.09390714
  0.09144584 0.07401795 0.08101471 0.07722601 0.10052935]
 [0.09835282 0.09686924 0.10069036 0.09976419 0.0896531  0.09199821
  0.0892992  0.07391465 0.08015326 0.07829753 0.10100741]
 [0.09758151 0.09684686 0.10385653 0.10082214 0.0876421  0.09157525
  0.08938458 0.0720658  0.07796526 0.07987171 0.10238817]
 [0.09534407 0.09841414 0.10447828 0.10079127 0.08633424 0.09333181
  0.09059808 0.06955128 0.07732115 0.08145242 0.10238329]
 [0.0945721  0.10002998 0.10500205 0.09969634 0.08553285 0.09612883
  0.09172956 0.06807564 0.07717051 0.08167321 0.10038891]
 [0.09571926 0.09981594 0.10630294 0.09889398 0.08542038 0.09912188
  0.09263428 0.06748679 0.07698161 0.0802632  0.09735973]
 [0.09797226 0.09896818 0.10621018 0.09925178 0.08569489 0.10131884
  0.0937222  0.06732523 0.07601289 0.07839515 0.09512841]
 [0.09918439 0.09844754 0.10450067 0.10127699 0.08608559 0.1018171
  0.09522381 0.06741857 0.07423474 0.07750535 0.0943053 ]
 [0.09790354 0.0991216  0.10185454 0.10357408 0.08599298 0.10078352
  0.09728086 0.06843325 0.07202958 0.07809433 0.0949317 ]
 [0.09525861 0.1002511  0.10018957 0.10302145 0.08540265 0.10006411
  0.09965603 0.07038386 0.07043233 0.07877062 0.09656959]
 [0.09406158 0.10077264 0.09799076 0.09989384 0.08471403 0.10024513
  0.10181721 0.07206852 0.06991818 0.07870581 0.0998123 ]
 [0.09462493 0.10053185 0.09425849 0.09634534 0.0846974  0.10094927
  0.10394941 0.07290903 0.07039084 0.0780533  0.10329016]
 [0.09425332 0.09955055 0.09126363 0.09579486 0.0848693  0.10090441
  0.10614154 0.0725913  0.07140845 0.07836981 0.10485284]
 [0.09301485 0.0991176  0.09072937 0.09767113 0.08585332 0.10013204
  0.10694978 0.07148969 0.07303911 0.07850976 0.10349333]
 [0.09306178 0.09861731 0.09345687 0.09957398 0.08787527 0.09885809
  0.10531943 0.07005756 0.07517518 0.07823579 0.09976866]
 [0.09503707 0.09669311 0.09714073 0.09851989 0.090238   0.09833714
  0.10320704 0.0690299  0.07702062 0.07731382 0.09746273]]
